1 23 21 66 17 77 26 17 80 46 100 94 76 46 69 30 53 33 44 45 90 67 5 85 9 73 79 73 75 99 54 86 2 58 2 1 10 24 7 58 96 80 45 65 15 28 84 31 74 76 16 41 14 40 20 27 100 32 51 8 55 43 37 44 11 93 42 62 37 42 67 16 3 8 2 100 46 26 86 54 39 19 55 95 29 35 88 66 71 78 85 64 28 22 68 53 83 30 43 45 
23 1 90 49 49 19 63 31 59 98 27 13 8 19 79 15 59 26 43 18 52 10 7 9 72 15 80 92 79 64 15 11 93 53 74 79 79 50 81 0 85 47 32 39 34 64 34 83 68 32 95 82 45 5 80 22 73 2 44 36 52 22 43 88 26 10 24 93 98 30 18 45 24 54 82 1 92 83 24 29 42 72 64 60 50 40 32 80 41 83 27 76 32 90 67 4 98 10 64 64 
21 90 1 47 7 93 46 58 4 30 4 60 56 61 53 10 4 3 50 36 34 80 18 44 31 62 96 22 19 88 21 98 100 0 42 80 55 11 2 91 1 29 41 62 19 71 88 59 80 81 11 96 59 45 5 70 25 1 46 71 38 23 31 62 47 98 96 10 36 91 96 65 64 98 53 9 78 44 0 56 11 34 19 56 85 47 64 24 70 62 9 99 12 41 39 37 43 97 66 85 
66 49 47 1 39 66 1 38 76 63 26 85 90 64 6 92 69 33 34 50 37 5 83 73 54 18 56 84 42 11 75 88 6 62 9 92 65 62 90 76 61 30 98 39 54 20 84 88 13 57 28 28 76 53 22 28 70 57 17 85 50 11 74 70 88 98 17 8 44 2 76 86 70 2 57 28 67 68 37 7 48 14 23 98 31 98 88 66 84 24 57 70 23 47 96 94 45 11 61 17 
17 49 7 39 1 1 92 95 72 40 67 8 8 79 36 2 38 37 97 15 69 55 59 21 73 85 28 56 40 35 4 13 26 92 61 13 92 99 18 54 64 56 2 4 50 69 74 68 47 8 90 70 84 24 34 83 79 45 88 93 50 40 92 79 80 73 97 73 99 57 32 41 44 76 9 22 15 5 8 70 49 74 5 63 60 13 84 52 4 23 4 29 4 77 52 94 44 14 82 52 
77 19 93 66 1 1 22 13 92 19 71 26 82 52 84 3 83 22 73 93 20 58 72 50 75 87 43 16 24 58 52 59 15 2 57 68 21 3 3 68 94 2 81 24 28 43 62 27 6 20 79 83 89 83 62 10 95 12 27 16 86 8 25 88 100 72 7 68 76 76 93 71 12 97 57 87 31 3 12 96 21 32 34 95 98 11 13 26 58 52 67 77 96 96 79 60 31 11 65 51 
26 63 46 1 92 22 1 68 9 7 44 22 89 25 7 82 77 83 63 76 10 49 54 50 89 90 91 74 64 2 81 73 30 25 50 81 36 90 99 20 11 43 3 59 17 15 11 57 57 63 65 49 74 12 93 22 4 95 25 89 93 76 45 81 95 42 56 63 54 80 22 89 0 99 66 66 58 41 75 12 51 60 39 29 97 62 63 20 43 53 43 30 75 34 80 89 61 87 1 15 
17 31 58 38 95 13 68 1 77 20 2 81 25 38 73 87 31 15 22 5 81 46 84 80 31 25 99 0 23 95 94 93 44 11 36 1 71 27 60 6 52 51 49 63 73 39 68 20 9 48 51 28 47 4 30 73 81 45 59 77 43 44 58 65 4 11 39 44 72 96 95 77 41 92 70 5 72 77 81 17 32 54 43 96 86 98 8 39 3 72 46 58 95 32 97 32 5 39 75 52 
80 59 4 76 72 92 9 77 1 39 65 89 56 77 26 48 36 54 84 81 26 35 22 64 21 85 37 6 19 27 99 61 19 53 17 70 47 2 4 61 17 70 59 42 34 40 13 48 72 59 54 44 62 77 22 1 4 44 7 84 4 47 35 17 69 13 82 46 23 99 33 67 53 70 70 24 71 57 79 34 13 79 22 83 74 39 47 15 87 59 61 71 65 97 56 9 65 14 91 71 
46 98 30 63 40 19 7 20 39 1 82 67 13 25 1 34 28 80 74 23 90 2 97 10 57 40 38 52 94 96 61 46 70 48 51 87 65 9 30 26 33 29 12 17 26 18 21 71 81 88 15 0 76 83 49 98 64 20 43 37 2 33 46 4 40 55 78 81 94 20 60 98 1 57 33 10 99 61 96 69 38 66 54 2 30 61 60 91 61 89 53 30 83 48 66 83 43 46 78 82 
100 27 4 26 67 71 44 2 65 82 1 68 63 85 70 57 54 8 44 10 22 78 35 62 88 70 78 65 42 73 23 8 46 18 49 57 95 86 31 58 47 36 13 67 46 51 65 94 77 3 47 21 19 28 49 51 48 17 6 69 53 76 22 92 70 47 45 22 26 61 23 79 90 31 26 75 57 34 80 6 74 4 77 68 55 89 84 84 58 32 98 6 91 73 73 44 95 14 32 16 
94 13 60 85 8 26 22 81 89 67 68 1 9 39 27 82 11 59 26 50 76 7 46 85 21 92 59 41 41 55 53 64 47 63 20 92 43 33 18 92 23 69 91 47 13 37 94 81 42 51 30 76 2 75 64 73 47 27 6 63 17 70 55 58 43 75 13 53 68 40 0 94 29 19 35 97 52 15 75 75 55 78 4 43 18 5 39 32 9 25 62 27 0 75 92 46 7 88 75 89 
76 8 56 90 8 82 89 25 56 13 63 9 1 40 75 51 54 73 50 85 89 55 16 59 55 16 52 96 29 29 49 91 66 1 60 68 75 49 84 24 56 46 36 10 52 90 46 53 92 29 45 92 65 89 39 58 84 38 67 27 2 75 47 14 86 74 62 2 46 46 89 80 34 47 86 94 18 53 80 22 63 6 67 13 74 64 99 10 95 74 66 71 36 26 44 1 36 58 10 67 
46 19 61 64 79 52 25 38 77 25 85 39 40 1 99 6 52 49 25 9 1 29 29 64 31 18 82 20 48 93 47 76 57 67 12 80 75 56 87 12 57 97 85 64 37 37 84 76 7 66 22 66 73 7 51 73 37 78 40 23 59 82 63 53 76 50 86 17 81 87 85 24 86 40 93 22 68 52 11 40 13 4 36 88 50 28 44 31 17 65 92 56 83 69 47 23 15 67 18 65 
69 79 53 6 36 84 7 73 26 1 70 27 75 99 1 79 37 67 4 31 50 11 81 72 79 75 84 23 57 72 95 47 18 45 15 20 42 69 25 47 37 93 19 84 46 73 90 22 44 99 96 70 88 21 86 98 38 22 29 44 95 96 35 33 37 76 26 40 81 34 84 88 37 60 16 94 91 48 58 90 10 1 30 24 56 11 16 77 46 16 51 72 40 45 93 24 2 81 10 54 
30 15 10 92 2 3 82 87 48 34 57 82 51 6 79 1 25 64 63 43 51 85 12 91 55 89 61 19 97 49 81 14 58 80 64 93 48 76 97 18 16 4 59 10 76 94 36 6 59 43 11 18 26 7 62 29 67 38 9 49 55 3 33 73 18 47 90 100 59 25 29 84 7 90 38 87 35 55 90 44 1 74 98 16 92 37 77 36 37 2 18 60 25 32 67 61 22 68 94 66 
53 59 4 69 38 83 77 31 36 28 54 11 54 52 37 25 1 60 26 10 20 59 78 48 19 87 96 57 93 42 8 19 84 27 6 4 82 96 72 59 94 35 70 16 76 29 12 34 1 5 95 29 6 52 88 78 49 62 45 22 33 75 61 88 17 60 17 23 70 29 56 27 90 87 4 99 92 54 88 89 93 60 98 41 54 39 97 86 42 24 55 85 3 16 1 68 23 70 76 55 
33 26 3 33 37 22 83 15 54 80 8 59 73 49 67 64 60 1 36 52 42 83 38 28 80 55 1 89 31 77 65 46 87 63 77 88 40 77 3 14 13 77 91 3 28 27 65 33 79 12 85 80 4 73 37 42 46 83 7 15 52 60 34 5 52 98 97 77 42 24 81 19 15 26 34 53 74 88 41 63 91 68 18 71 78 39 24 49 20 15 23 8 56 60 2 89 59 12 2 90 
44 43 50 34 97 73 63 22 84 74 44 26 50 25 4 63 26 36 1 10 11 38 11 66 28 70 63 28 74 91 49 93 15 73 17 96 70 74 62 5 8 27 75 19 67 72 34 99 61 21 74 26 3 51 39 1 13 62 85 73 2 82 92 51 53 55 38 12 46 40 7 3 24 21 64 52 32 33 33 77 6 52 75 92 65 10 37 77 36 47 70 84 89 87 85 92 52 81 51 78 
45 18 36 50 15 93 76 5 81 23 10 50 85 9 31 43 10 52 10 1 84 67 62 80 88 70 63 2 28 22 16 83 5 46 89 62 84 22 23 23 91 29 95 51 59 41 33 73 54 29 28 15 79 62 29 69 89 81 27 23 82 10 8 0 91 79 8 71 37 33 25 23 34 55 31 99 85 3 70 15 30 33 10 10 78 84 8 63 8 68 2 43 47 48 30 54 69 96 94 37 
90 52 34 37 69 20 10 81 26 90 22 76 89 1 50 51 20 42 11 84 1 36 17 37 63 49 47 86 12 71 26 22 9 98 25 96 22 55 66 93 28 37 38 29 19 40 86 23 16 32 46 27 79 20 33 10 52 99 37 40 1 30 45 56 2 10 12 95 29 95 5 71 44 35 6 10 91 70 85 38 23 42 59 45 76 31 68 61 97 9 28 50 2 94 10 12 23 14 67 96 
67 10 80 5 55 58 49 46 35 2 78 7 55 29 11 85 59 83 38 67 36 1 36 68 65 39 67 5 4 27 42 29 59 32 77 17 11 67 26 33 67 21 13 91 47 64 31 76 97 22 35 4 57 69 32 68 45 19 69 88 68 65 91 27 32 25 28 47 69 55 1 69 11 95 36 30 50 92 56 68 94 57 39 45 94 63 91 25 6 3 45 31 39 92 75 88 88 8 58 49 
5 7 18 83 59 72 54 84 22 97 35 46 16 29 81 12 78 38 11 62 17 36 1 77 54 39 91 23 89 90 34 99 4 16 39 7 79 69 16 100 57 60 56 50 95 55 20 18 21 20 22 99 43 89 27 93 63 52 46 48 51 91 16 78 55 49 61 80 68 53 96 79 47 93 61 63 98 48 8 36 81 22 96 52 36 83 20 21 25 57 25 19 69 12 37 93 16 12 57 55 
85 9 44 73 21 50 50 80 64 10 62 85 59 64 72 91 48 28 66 80 37 68 77 1 58 44 100 63 84 61 50 38 66 41 4 8 56 3 75 20 39 92 9 70 6 78 61 25 86 84 21 31 19 88 1 85 82 86 85 0 9 86 40 61 76 19 9 66 37 81 24 46 81 70 23 5 55 93 35 80 79 1 2 92 52 25 55 15 95 11 29 26 8 8 6 65 46 33 86 30 
9 72 31 54 73 75 89 31 21 57 88 21 55 31 79 55 19 80 28 88 63 65 54 58 1 62 33 11 46 18 46 93 17 53 47 67 19 21 49 98 88 94 72 94 78 64 13 90 71 43 47 48 52 46 4 79 89 67 82 80 78 46 13 61 64 67 1 41 11 35 20 26 64 66 77 80 59 43 22 42 18 62 2 68 34 25 81 44 81 87 73 91 41 7 61 53 12 57 6 96 
73 15 62 18 85 87 90 25 85 40 70 92 16 18 75 89 87 55 70 70 49 39 39 44 62 1 67 74 34 39 69 67 75 40 91 20 78 90 97 44 31 54 35 77 78 63 23 89 64 90 5 17 17 2 2 73 75 88 9 83 86 45 71 1 69 17 89 33 91 33 90 38 58 61 46 18 73 1 33 39 77 47 43 2 69 33 93 82 38 31 43 45 68 42 24 5 21 19 42 86 
79 80 96 56 28 43 91 99 37 38 78 59 52 82 84 61 96 1 63 63 47 67 91 100 33 67 1 100 47 90 3 96 70 16 2 93 76 95 88 41 76 78 5 78 37 26 69 81 81 74 62 73 50 94 10 86 11 62 35 20 73 69 81 39 62 76 79 41 50 18 83 12 40 59 36 24 18 43 44 97 52 17 100 98 46 46 18 67 90 3 4 84 88 1 63 43 9 31 19 9 
73 92 22 84 56 16 74 0 6 52 65 41 96 20 23 19 57 89 28 2 86 5 23 63 11 74 100 1 24 16 19 79 79 61 54 28 100 46 1 55 97 94 33 61 5 29 33 7 98 74 27 33 32 19 1 66 0 68 11 80 31 15 55 18 85 27 26 32 69 94 96 47 93 82 79 1 10 23 44 100 38 59 70 52 53 81 68 29 64 54 44 77 52 4 58 79 61 67 78 80 
75 79 19 42 40 24 64 23 19 94 42 41 29 48 57 97 93 31 74 28 12 4 89 84 46 34 47 24 1 27 57 54 53 9 8 55 93 13 30 67 68 12 45 43 38 9 38 43 87 24 81 76 79 55 88 60 23 99 76 93 39 85 53 11 36 61 44 67 92 10 82 81 24 74 76 1 70 62 46 88 29 64 64 40 41 2 30 69 53 70 23 53 78 31 27 29 82 21 65 1 
99 64 88 11 35 58 2 95 27 96 73 55 29 93 72 49 42 77 91 22 71 27 90 61 18 39 90 16 27 1 14 14 60 62 59 1 2 59 14 23 84 5 85 89 14 6 80 8 15 17 29 6 22 30 37 30 88 24 47 21 59 76 62 67 73 98 17 62 74 69 16 31 98 36 66 20 94 23 68 100 83 41 68 70 96 39 75 38 43 34 40 62 69 66 77 53 9 36 16 7 
54 15 21 75 4 52 81 94 99 61 23 53 49 47 95 81 8 65 49 16 26 42 34 50 46 69 3 19 57 14 1 18 41 47 92 24 78 7 93 6 15 71 20 99 39 91 82 94 12 31 86 89 62 34 5 60 99 22 21 95 18 98 25 45 76 50 71 21 18 5 26 93 42 12 91 79 28 1 2 86 47 20 25 92 24 32 99 34 75 48 13 21 27 54 99 40 35 50 43 5 
86 11 98 88 13 59 73 93 61 46 8 64 91 76 47 14 19 46 93 83 22 29 99 38 93 67 96 79 54 14 18 1 95 42 65 89 91 18 99 27 73 96 67 98 13 99 35 62 14 90 38 74 14 4 39 7 66 37 47 91 57 48 71 27 25 68 39 29 80 82 75 3 56 11 47 89 75 32 77 47 43 41 73 32 95 48 69 88 30 75 47 32 69 25 68 54 81 9 38 58 
2 93 100 6 26 15 30 44 19 70 46 47 66 57 18 58 84 87 15 5 9 59 4 66 17 75 70 79 53 60 41 95 1 62 88 25 37 19 8 25 7 74 82 3 32 85 72 26 12 20 26 83 67 7 27 54 68 87 13 83 79 54 87 70 59 3 95 43 65 1 19 10 54 65 63 77 2 100 22 16 28 16 16 73 59 43 83 9 4 78 34 85 98 79 75 80 92 55 54 82 
58 53 0 62 92 2 25 11 53 48 18 63 1 67 45 80 27 63 73 46 98 32 16 41 53 40 16 61 9 62 47 42 62 1 13 98 76 23 66 27 49 51 54 96 93 96 81 7 99 42 49 16 45 58 45 74 13 77 37 1 53 32 21 87 96 77 45 10 55 54 76 13 55 67 89 1 37 57 11 43 67 65 98 54 66 20 3 36 87 8 62 33 19 23 30 97 10 96 10 10 
2 74 42 9 61 57 50 36 17 51 49 20 60 12 15 64 6 77 17 89 25 77 39 4 47 91 2 54 8 59 92 65 88 13 1 46 18 23 60 56 2 72 79 0 26 62 12 4 59 87 43 76 34 61 35 99 18 33 23 15 91 73 88 33 69 42 77 12 31 97 28 58 52 48 25 97 26 32 88 42 42 63 98 23 66 72 64 64 99 7 65 37 27 1 95 100 25 62 73 14 
1 79 80 92 13 68 81 1 70 87 57 92 68 80 20 93 4 88 96 62 96 17 7 8 67 20 93 28 55 1 24 89 25 98 46 1 87 82 31 42 34 9 97 28 76 95 3 78 11 96 58 38 11 22 53 74 80 68 28 65 24 46 58 46 38 36 46 42 44 54 11 79 16 69 72 4 83 77 53 27 85 59 78 32 45 82 57 47 52 76 83 41 42 83 79 16 95 28 35 42 
10 79 55 65 92 21 36 71 47 65 95 43 75 75 42 48 82 40 70 84 22 11 79 56 19 78 76 100 93 2 78 91 37 76 18 87 1 5 4 27 91 14 97 90 89 81 15 46 1 99 37 19 20 14 50 26 41 1 92 94 77 44 88 21 38 98 5 25 95 29 85 43 28 87 53 54 5 17 27 55 93 41 77 11 31 47 67 82 18 77 44 67 22 70 87 17 78 77 5 10 
24 50 11 62 99 3 90 27 2 9 86 33 49 56 69 76 96 77 74 22 55 67 69 3 21 90 95 46 13 59 7 18 19 23 23 82 5 1 20 72 93 97 60 9 54 78 45 16 60 40 54 93 21 62 78 27 88 37 74 31 53 98 57 99 15 56 91 59 97 12 20 56 93 38 21 75 91 40 87 30 92 24 99 92 12 6 6 6 73 68 93 30 36 63 16 36 77 77 12 39 
7 81 2 90 18 3 99 60 4 30 31 18 84 87 25 97 72 3 62 23 66 26 16 75 49 97 88 1 30 14 93 99 8 66 60 31 4 20 1 28 40 67 60 39 14 10 46 34 26 49 44 18 94 75 95 63 88 54 15 52 1 90 18 84 46 9 92 56 24 2 4 38 32 45 27 71 92 55 3 93 4 94 35 58 84 54 16 96 66 13 1 51 1 25 22 50 92 55 92 55 
58 0 91 76 54 68 20 6 61 26 58 92 24 12 47 18 59 14 5 23 93 33 100 20 98 44 41 55 67 23 6 27 25 27 56 42 27 72 28 1 23 36 87 52 55 17 91 3 31 90 24 84 18 92 94 2 64 87 27 35 9 75 35 9 21 74 29 92 8 15 74 46 25 95 23 37 24 5 55 87 11 54 98 13 3 67 1 49 38 83 66 42 12 36 43 8 80 45 78 18 
96 85 1 61 64 94 11 52 17 33 47 23 56 57 37 16 94 13 8 91 28 67 57 39 88 31 76 97 68 84 15 73 7 49 2 34 91 93 40 23 1 78 78 49 57 11 72 84 6 65 52 77 92 51 47 44 37 47 94 34 27 99 59 19 84 33 19 55 11 1 61 91 35 99 56 72 44 14 10 89 27 82 76 15 98 33 64 39 67 61 66 43 18 62 17 12 88 70 37 5 
80 47 29 30 56 2 43 51 70 29 36 69 46 97 93 4 35 77 27 29 37 21 60 92 94 54 78 94 12 5 71 96 74 51 72 9 14 97 67 36 78 1 88 92 71 11 9 66 24 45 57 39 3 70 21 98 85 0 100 27 99 71 87 81 34 1 11 87 17 84 58 14 68 1 17 23 66 66 19 80 59 27 4 44 14 24 19 55 86 74 9 40 20 86 54 98 71 76 74 88 
45 32 41 98 2 81 3 49 59 12 13 91 36 85 19 59 70 91 75 95 38 13 56 9 72 35 5 33 45 85 20 67 82 54 79 97 97 60 60 87 78 88 1 6 94 75 51 10 43 12 80 22 94 29 36 9 85 38 97 46 15 9 68 70 58 71 21 61 67 69 41 6 12 95 81 35 45 42 82 53 8 96 50 38 2 85 11 84 18 44 72 2 38 63 57 33 10 63 62 91 
65 39 62 39 4 24 59 63 42 17 67 47 10 64 84 10 16 3 19 51 29 91 50 70 94 77 78 61 43 89 99 98 3 96 0 28 90 9 39 52 49 92 6 1 36 0 32 39 34 25 1 4 82 30 43 29 70 26 23 27 13 48 100 31 92 81 24 57 49 33 88 17 24 96 14 30 87 64 34 36 42 8 53 3 1 68 9 26 32 99 23 44 35 40 57 67 61 91 36 98 
15 34 19 54 50 28 17 73 34 26 46 13 52 37 46 76 76 28 67 59 19 47 95 6 78 78 37 5 38 14 39 13 32 93 26 76 89 54 14 55 57 71 94 36 1 65 54 26 72 40 43 72 84 0 72 15 78 47 79 76 65 9 4 23 89 67 26 9 63 67 39 77 97 5 86 15 82 54 63 2 61 9 59 15 4 87 30 51 40 15 21 38 33 11 65 52 51 35 78 19 
28 64 71 20 69 43 15 39 40 18 51 37 90 37 73 94 29 27 72 41 40 64 55 78 64 63 26 29 9 6 91 99 85 96 62 95 81 78 10 17 11 11 75 0 65 1 87 96 82 52 64 2 66 81 30 84 43 67 10 5 66 74 19 30 87 90 80 71 22 51 70 58 42 23 93 61 20 43 15 3 53 48 16 73 87 91 17 51 87 16 28 64 81 72 36 29 42 60 75 29 
84 34 88 84 74 62 11 68 13 21 65 94 46 84 90 36 12 65 34 33 86 31 20 61 13 23 69 33 38 80 82 35 72 81 12 3 15 45 46 91 72 9 51 32 54 87 1 87 59 27 67 87 84 42 39 45 62 42 24 98 76 80 25 80 77 100 95 59 97 80 92 66 42 65 29 36 10 9 12 59 76 97 53 81 9 42 34 13 22 1 45 29 69 10 58 60 73 75 49 67 
31 83 59 88 68 27 57 20 48 71 94 81 53 76 22 6 34 33 99 73 23 76 18 25 90 89 81 7 43 8 94 62 26 7 4 78 46 16 34 3 84 66 10 39 26 96 87 1 30 19 5 35 39 93 76 57 87 80 4 6 87 57 88 1 18 44 82 20 39 57 5 90 22 21 78 71 77 89 65 1 46 69 56 63 40 88 82 71 73 16 88 50 51 64 61 26 36 39 37 82 
74 68 80 13 47 6 57 9 72 81 77 42 92 7 44 59 1 79 61 54 16 97 21 86 71 64 81 98 87 15 12 14 12 99 59 11 1 60 26 31 6 24 43 34 72 82 59 30 1 29 87 61 45 2 69 60 29 53 86 94 17 5 38 19 5 70 61 49 78 99 61 79 64 13 4 45 77 95 6 74 98 50 95 31 44 94 61 6 1 78 45 29 77 1 50 74 85 85 90 9 
76 32 81 57 8 20 63 48 59 88 3 51 29 66 99 43 5 12 21 29 32 22 20 84 43 90 74 74 24 17 31 90 20 42 87 96 99 40 49 90 65 45 12 25 40 52 27 19 29 1 16 60 84 15 60 79 73 59 72 48 89 10 51 24 99 69 37 70 79 68 51 5 97 99 60 16 53 33 87 28 80 68 23 38 13 26 46 56 46 75 66 54 89 26 69 95 83 49 7 4 
16 95 11 28 90 79 65 51 54 15 47 30 45 22 96 11 95 85 74 28 46 35 22 21 47 5 62 27 81 29 86 38 26 49 43 58 37 54 44 24 52 57 80 1 43 64 67 5 87 16 1 83 2 49 83 51 6 81 61 49 88 60 30 47 96 62 40 23 6 54 94 85 92 80 88 43 26 97 18 72 60 29 30 20 88 80 70 62 31 72 41 33 73 1 60 79 43 46 81 53 
41 82 96 28 70 83 49 28 44 0 21 76 92 66 70 18 29 80 26 15 27 4 99 31 48 17 73 33 76 6 89 74 83 16 76 38 19 93 18 84 77 39 22 4 72 2 87 35 61 60 83 1 14 41 35 67 67 35 17 41 99 60 17 7 47 41 11 5 55 6 3 44 70 78 12 97 91 16 22 47 60 87 61 48 84 66 36 86 78 96 52 39 72 88 48 28 56 30 49 13 
14 45 59 76 84 89 74 47 62 76 19 2 65 73 88 26 6 4 3 79 79 57 43 19 52 17 50 32 79 22 62 14 67 45 34 11 20 21 94 18 92 3 94 82 84 66 84 39 45 84 2 14 1 24 6 90 64 85 64 52 97 81 72 38 55 8 69 35 52 99 28 93 82 54 39 92 76 66 46 78 41 96 82 13 57 49 3 96 10 4 10 15 75 2 16 95 72 79 18 44 
40 5 45 53 24 83 12 4 77 83 28 75 89 7 21 7 52 73 51 62 20 69 89 88 46 2 94 19 55 30 34 4 7 58 61 22 14 62 75 92 51 70 29 30 0 81 42 93 2 15 49 41 24 1 82 48 58 65 16 55 6 55 56 8 20 51 97 2 16 50 25 23 23 84 69 53 88 42 43 86 77 39 30 90 28 92 94 11 16 78 60 51 11 32 15 57 45 30 92 79 
20 80 5 22 34 62 93 30 22 49 49 64 39 51 86 62 88 37 39 29 33 32 27 1 4 2 10 1 88 37 5 39 27 45 35 53 50 78 95 94 47 21 36 43 72 30 39 76 69 60 83 35 6 82 1 62 5 91 29 49 2 54 85 27 50 66 84 87 46 70 25 100 18 32 40 10 47 39 90 17 47 67 40 69 98 76 54 64 24 62 96 38 62 14 26 52 1 0 25 45 
27 22 70 28 83 10 22 73 1 98 51 73 58 73 98 29 78 42 1 69 10 68 93 85 79 73 86 66 60 30 60 7 54 74 99 74 26 27 63 2 44 98 9 29 15 84 45 57 60 79 51 67 90 48 62 1 15 26 37 70 68 87 99 49 86 78 67 25 67 74 62 15 77 35 2 39 45 31 32 30 10 71 79 75 42 20 84 13 63 70 22 55 51 52 10 18 56 56 58 45 
100 73 25 70 79 95 4 81 4 64 48 47 84 37 38 67 49 46 13 89 52 45 63 82 89 75 11 0 23 88 99 66 68 13 18 80 41 88 88 64 37 85 85 70 78 43 62 87 29 73 6 67 64 58 5 15 1 90 31 87 92 9 56 85 90 24 52 87 78 90 87 71 86 33 7 27 42 0 10 43 10 3 64 62 69 17 56 17 0 56 11 51 6 63 85 32 16 86 28 50 
32 2 1 57 45 12 95 45 44 20 17 27 38 78 22 38 62 83 62 81 99 19 52 86 67 88 62 68 99 24 22 37 87 77 33 68 1 37 54 87 47 0 38 26 47 67 42 80 53 59 81 35 85 65 91 26 90 1 41 100 34 41 21 20 22 43 29 86 15 5 49 39 46 50 63 41 50 75 8 41 40 85 30 83 72 72 77 26 48 82 21 70 2 74 30 46 38 79 26 70 
51 44 46 17 88 27 25 59 7 43 6 6 67 40 29 9 45 7 85 27 37 69 46 85 82 9 35 11 76 47 21 47 13 37 23 28 92 74 15 27 94 100 97 23 79 10 24 4 86 72 61 17 64 16 29 37 31 41 1 75 95 71 59 85 44 70 91 22 49 35 84 58 21 8 92 21 6 97 9 43 21 50 98 43 32 92 38 88 65 15 35 52 10 87 43 8 86 41 90 12 
8 36 71 85 93 16 89 77 84 37 69 63 27 23 44 49 22 15 73 23 40 88 48 0 80 83 20 80 93 21 95 91 83 1 15 65 94 31 52 35 34 27 46 27 76 5 98 6 94 48 49 41 52 55 49 70 87 100 75 1 41 94 12 29 23 88 61 48 98 20 13 87 4 53 58 53 96 21 69 36 10 94 12 47 73 15 67 56 54 96 41 1 21 15 12 45 57 23 10 9 
55 52 38 50 50 86 93 43 4 2 53 17 2 59 95 55 33 52 2 82 1 68 51 9 78 86 73 31 39 59 18 57 79 53 91 24 77 53 1 9 27 99 15 13 65 66 76 87 17 89 88 99 97 6 2 68 92 34 95 41 1 4 77 1 67 77 77 3 61 17 93 44 25 61 98 41 13 35 90 69 76 78 4 35 32 73 62 4 65 34 84 29 62 17 72 82 60 40 84 76 
43 22 23 11 40 8 76 44 47 33 76 70 75 82 96 3 75 60 82 10 30 65 91 86 46 45 69 15 85 76 98 48 54 32 73 46 44 98 90 75 99 71 9 48 9 74 80 57 5 10 60 60 81 55 54 87 9 41 71 94 4 1 66 58 31 56 16 64 88 75 11 36 68 55 56 52 92 93 56 89 41 88 69 58 16 32 87 23 43 76 28 94 1 98 10 23 97 37 46 67 
37 43 31 74 92 25 45 58 35 46 22 55 47 63 35 33 61 34 92 8 45 91 16 40 13 71 81 55 53 62 25 71 87 21 88 58 88 57 18 35 59 87 68 100 4 19 25 88 38 51 30 17 72 56 85 99 56 21 59 12 77 66 1 14 95 33 11 25 83 31 93 60 20 68 92 78 54 71 18 75 67 44 46 99 62 36 85 93 22 85 47 18 77 3 92 50 90 15 53 1 
44 88 62 70 79 88 81 65 17 4 92 58 14 53 33 73 88 5 51 0 56 27 78 61 61 1 39 18 11 67 45 27 70 87 33 46 21 99 84 9 19 81 70 31 23 30 80 1 19 24 47 7 38 8 27 49 85 20 85 29 1 58 14 1 58 33 73 14 34 40 38 45 4 31 80 24 85 43 59 64 61 6 77 87 36 29 30 73 87 24 12 44 88 58 31 49 43 13 32 46 
11 26 47 88 80 100 95 4 69 40 70 43 86 76 37 18 17 52 53 91 2 32 55 76 64 69 62 85 36 73 76 25 59 96 69 38 38 15 46 21 84 34 58 92 89 87 77 18 5 99 96 47 55 20 50 86 90 22 44 23 67 31 95 58 1 99 31 68 30 53 22 67 20 19 91 87 96 14 34 42 41 32 56 23 12 83 91 47 4 5 35 40 99 99 42 19 38 58 88 93 
93 10 98 98 73 72 42 11 13 55 47 75 74 50 76 47 60 98 55 79 10 25 49 19 67 17 76 27 61 98 50 68 3 77 42 36 98 56 9 74 33 1 71 81 67 90 100 44 70 69 62 41 8 51 66 78 24 43 70 88 77 56 33 33 99 1 86 5 63 70 98 55 7 37 3 5 49 86 89 94 0 84 60 53 6 46 42 38 85 99 62 37 87 95 59 45 65 30 24 41 
42 24 96 17 97 7 56 39 82 78 45 13 62 86 26 90 17 97 38 8 12 28 61 9 1 89 79 26 44 17 71 39 95 45 77 46 5 91 92 29 19 11 21 24 26 80 95 82 61 37 40 11 69 97 84 67 52 29 91 61 77 16 11 73 31 86 1 35 85 16 69 32 98 85 60 55 58 80 71 86 65 96 71 20 5 58 28 92 7 30 94 39 44 12 2 98 55 61 84 37 
62 93 10 8 73 68 63 44 46 81 22 53 2 17 40 100 23 77 12 71 95 47 80 66 41 33 41 32 67 62 21 29 43 10 12 42 25 59 56 92 55 87 61 57 9 71 59 20 49 70 23 5 35 2 87 25 87 86 22 48 3 64 25 14 68 5 35 1 51 42 60 15 10 73 76 63 99 43 7 88 16 71 85 57 24 69 98 91 91 21 98 97 100 71 16 68 16 56 77 74 
37 98 36 44 99 76 54 72 23 94 26 68 46 81 81 59 70 42 46 37 29 69 68 37 11 91 50 69 92 74 18 80 65 55 31 44 95 97 24 8 11 17 67 49 63 22 97 39 78 79 6 55 52 16 46 67 78 15 49 98 61 88 83 34 30 63 85 51 1 66 22 94 17 98 35 96 54 86 47 75 83 24 9 78 15 61 61 46 27 53 61 68 23 34 92 43 24 20 4 92 
42 30 91 2 57 76 80 96 99 20 61 40 46 87 34 25 29 24 40 33 95 55 53 81 35 33 18 94 10 69 5 82 1 54 97 54 29 12 2 15 1 84 69 33 67 51 80 57 99 68 54 6 99 50 70 74 90 5 35 20 17 75 31 40 53 70 16 42 66 1 17 44 18 27 22 97 57 19 69 74 14 15 87 84 3 19 8 88 58 71 73 12 44 35 9 65 65 97 93 58 
67 18 96 76 32 93 22 95 33 60 23 0 89 85 84 29 56 81 7 25 5 1 96 24 20 90 83 96 82 16 26 75 19 76 28 11 85 20 4 74 61 58 41 88 39 70 92 5 61 51 94 3 28 25 25 62 87 49 84 13 93 11 93 38 22 98 69 60 22 17 1 56 61 40 59 11 97 59 51 9 1 83 43 80 7 11 77 68 30 90 75 90 74 55 88 89 61 8 19 39 
16 45 65 86 41 71 89 77 67 98 79 94 80 24 88 84 27 19 3 23 71 69 79 46 26 38 12 47 81 31 93 3 10 13 58 79 43 56 38 46 91 14 6 17 77 58 66 90 79 5 85 44 93 23 100 15 71 39 58 87 44 36 60 45 67 55 32 15 94 44 56 1 66 67 50 9 7 67 90 77 47 23 23 10 39 42 95 12 30 35 10 36 60 35 6 37 82 40 50 22 
3 24 64 70 44 12 0 41 53 1 90 29 34 86 37 7 90 15 24 34 44 11 47 81 64 58 40 93 24 98 42 56 54 55 52 16 28 93 32 25 35 68 12 24 97 42 42 22 64 97 92 70 82 23 18 77 86 46 21 4 25 68 20 4 20 7 98 10 17 18 61 66 1 56 38 68 13 71 77 55 33 99 44 16 27 6 30 57 40 18 75 28 48 21 75 73 83 37 73 51 
8 54 98 2 76 97 99 92 70 57 31 19 47 40 60 90 87 26 21 55 35 95 93 70 66 61 59 82 74 36 12 11 65 67 48 69 87 38 45 95 99 1 95 96 5 23 65 21 13 99 80 78 54 84 32 35 33 50 8 53 61 55 68 31 19 37 85 73 98 27 40 67 56 1 6 31 51 0 15 59 90 2 96 73 26 20 72 61 49 72 58 69 6 23 52 23 56 65 20 73 
2 82 53 57 9 57 66 70 70 33 26 35 86 93 16 38 4 34 64 31 6 36 61 23 77 46 36 79 76 66 91 47 63 89 25 72 53 21 27 23 56 17 81 14 86 93 29 78 4 60 88 12 39 69 40 2 7 63 92 58 98 56 92 80 91 3 60 76 35 22 59 50 38 6 1 40 74 82 41 79 12 62 72 44 49 52 69 45 37 98 76 16 31 35 86 41 60 46 81 48 
100 1 9 28 22 87 66 5 24 10 75 97 94 22 94 87 99 53 52 99 10 30 63 5 80 18 24 1 1 20 79 89 77 1 97 4 54 75 71 37 72 23 35 30 15 61 36 71 45 16 43 97 92 53 10 39 27 41 21 53 41 52 78 24 87 5 55 63 96 97 11 9 68 31 40 1 33 59 28 10 34 10 58 47 75 26 20 3 39 37 63 39 49 73 64 63 57 81 15 2 
46 92 78 67 15 31 58 72 71 99 57 52 18 68 91 35 92 74 32 85 91 50 98 55 59 73 18 10 70 94 28 75 2 37 26 83 5 91 92 24 44 66 45 87 82 20 10 77 77 53 26 91 76 88 47 45 42 50 6 96 13 92 54 85 96 49 58 99 54 57 97 7 13 51 74 33 1 83 6 56 80 79 14 62 57 94 49 65 53 86 25 93 45 23 56 61 57 75 5 56 
26 83 44 68 5 3 41 77 57 61 34 15 53 52 48 55 54 88 33 3 70 92 48 93 43 1 43 23 62 23 1 32 100 57 32 77 17 40 55 5 14 66 42 64 54 43 9 89 95 33 97 16 66 42 39 31 0 75 97 21 35 93 71 43 14 86 80 43 86 19 59 67 71 0 82 59 83 1 44 96 11 16 34 82 63 33 89 89 86 53 49 43 58 63 66 61 49 40 84 10 
86 24 0 37 8 12 75 81 79 96 80 75 80 11 58 90 88 41 33 70 85 56 8 35 22 33 44 44 46 68 2 77 22 11 88 53 27 87 3 55 10 19 82 34 63 15 12 65 6 87 18 22 46 43 90 32 10 8 9 69 90 56 18 59 34 89 71 7 47 69 51 90 77 15 41 28 6 44 1 42 2 36 26 17 86 18 19 86 21 15 80 16 46 1 71 20 14 52 6 52 
54 29 56 7 70 96 12 17 34 69 6 75 22 40 90 44 89 63 77 15 38 68 36 80 42 39 97 100 88 100 86 47 16 43 42 27 55 30 93 87 89 80 53 36 2 3 59 1 74 28 72 47 78 86 17 30 43 41 43 36 69 89 75 64 42 94 86 88 75 74 9 77 55 59 79 10 56 96 42 1 84 63 84 33 60 21 67 16 25 30 37 82 68 19 44 23 97 91 79 56 
39 42 11 48 49 21 51 32 13 38 74 55 63 13 10 1 93 91 6 30 23 94 81 79 18 77 52 38 29 83 47 43 28 67 42 85 93 92 4 11 27 59 8 42 61 53 76 46 98 80 60 60 41 77 47 10 10 40 21 10 76 41 67 61 41 0 65 16 83 14 1 47 33 90 12 34 80 11 2 84 1 13 6 93 45 43 58 37 64 60 64 89 47 7 4 26 37 2 28 30 
19 72 34 14 74 32 60 54 79 66 4 78 6 4 1 74 60 68 52 33 42 57 22 1 62 47 17 59 64 41 20 41 16 65 63 59 41 24 94 54 82 27 96 8 9 48 97 69 50 68 29 87 96 39 67 71 3 85 50 94 78 88 44 6 32 84 96 71 24 15 83 23 99 2 62 10 79 16 36 63 13 1 84 92 36 44 77 44 87 62 74 86 16 51 72 43 76 10 90 53 
55 64 19 23 5 34 39 43 22 54 77 4 67 36 30 98 98 18 75 10 59 39 96 2 2 43 100 70 64 68 25 73 16 98 98 78 77 99 35 98 76 4 50 53 59 16 53 56 95 23 30 61 82 30 40 79 64 30 98 12 4 69 46 77 56 60 71 85 9 87 43 23 44 96 72 58 14 34 26 84 6 84 1 63 83 88 81 61 67 21 21 17 54 89 87 85 100 11 77 14 
95 60 56 98 63 95 29 96 83 2 68 43 13 88 24 16 41 71 92 10 45 45 52 92 68 2 98 52 40 70 92 32 73 54 23 32 11 92 58 13 15 44 38 3 15 73 81 63 31 38 20 48 13 90 69 75 62 83 43 47 35 58 99 87 23 53 20 57 78 84 80 10 16 73 44 47 62 82 17 33 93 92 63 1 84 16 5 1 21 73 46 98 51 0 9 76 22 50 76 12 
29 50 85 31 60 98 97 86 74 30 55 18 74 50 56 92 54 78 65 78 76 94 36 52 34 69 46 53 41 96 24 95 59 66 66 45 31 12 84 3 98 14 2 1 4 87 9 40 44 13 88 84 57 28 98 42 69 72 32 73 32 16 62 36 12 6 5 24 15 3 7 39 27 26 49 75 57 63 86 60 45 36 83 84 1 87 2 21 89 50 80 52 70 18 47 93 2 78 32 39 
35 40 47 98 13 11 62 98 39 61 89 5 64 28 11 37 39 39 10 84 31 63 83 25 25 33 46 81 2 39 32 48 43 20 72 82 47 6 54 67 33 24 85 68 87 91 42 88 94 26 80 66 49 92 76 20 17 72 92 15 73 32 36 29 83 46 58 69 61 19 11 42 6 20 52 26 94 33 18 21 43 44 88 16 87 1 62 37 95 17 79 88 9 19 85 79 27 27 72 4 
88 32 64 88 84 13 63 8 47 60 84 39 99 44 16 77 97 24 37 8 68 91 20 55 81 93 18 68 30 75 99 69 83 3 64 57 67 6 16 1 64 19 11 9 30 17 34 82 61 46 70 36 3 94 54 84 56 77 38 67 62 87 85 30 91 42 28 98 61 8 77 95 30 72 69 20 49 89 19 67 58 77 81 5 2 62 1 57 82 74 8 90 54 59 21 50 31 80 41 63 
66 80 24 66 52 26 20 39 15 91 84 32 10 31 77 36 86 49 77 63 61 25 21 15 44 82 67 29 69 38 34 88 9 36 64 47 82 6 96 49 39 55 84 26 51 51 13 71 6 56 62 86 96 11 64 13 17 26 88 56 4 23 93 73 47 38 92 91 46 88 68 12 57 61 45 3 65 89 86 16 37 44 61 1 21 37 57 1 41 91 88 36 70 44 69 45 80 38 49 80 
71 41 70 84 4 58 43 3 87 61 58 9 95 17 46 37 42 20 36 8 97 6 25 95 81 38 90 64 53 43 75 30 4 87 99 52 18 73 66 38 67 86 18 32 40 87 22 73 1 46 31 78 10 16 24 63 0 48 65 54 65 43 22 87 4 85 7 91 27 58 30 30 40 49 37 39 53 86 21 25 64 87 67 21 89 95 82 41 1 39 1 41 47 87 40 36 56 32 72 47 
78 83 62 24 23 52 53 72 59 89 32 25 74 65 16 2 24 15 47 68 9 3 57 11 87 31 3 54 70 34 48 75 78 8 7 76 77 68 13 83 61 74 44 99 15 16 1 16 78 75 72 96 4 78 62 70 56 82 15 96 34 76 85 24 5 99 30 21 53 71 90 35 18 72 98 37 86 53 15 30 60 62 21 73 50 17 74 91 39 1 78 4 12 23 16 29 25 9 63 79 
85 27 9 57 4 67 43 46 61 53 98 62 66 92 51 18 55 23 70 2 28 45 25 29 73 43 4 44 23 40 13 47 34 62 65 83 44 93 1 66 66 9 72 23 21 28 45 88 45 66 41 52 10 60 96 22 11 21 35 41 84 28 47 12 35 62 94 98 61 73 75 10 75 58 76 63 25 49 80 37 64 74 21 46 80 79 8 88 1 78 1 65 44 28 94 62 9 66 24 85 
64 76 99 70 29 77 30 58 71 30 6 27 71 56 72 60 85 8 84 43 50 31 19 26 91 45 84 77 53 62 21 32 85 33 37 41 67 30 51 42 43 40 2 44 38 64 29 50 29 54 33 39 15 51 38 55 51 70 52 1 29 94 18 44 40 37 39 97 68 12 90 36 28 69 16 39 93 43 16 82 89 86 17 98 52 88 90 36 41 4 65 1 29 71 63 66 36 83 49 41 
28 32 12 23 4 96 75 95 65 83 91 0 36 83 40 25 3 56 89 47 2 39 69 8 41 68 88 52 78 69 27 69 98 19 27 42 22 36 1 12 18 20 38 35 33 81 69 51 77 89 73 72 75 11 62 51 6 2 10 21 62 1 77 88 99 87 44 100 23 44 74 60 48 6 31 49 45 58 46 68 47 16 54 51 70 9 54 70 47 12 44 29 1 14 39 62 34 99 6 47 
22 90 41 47 77 96 34 32 97 48 73 75 26 69 45 32 16 60 87 48 94 92 12 8 7 42 1 4 31 66 54 25 79 23 1 83 70 63 25 36 62 86 63 40 11 72 10 64 1 26 1 88 2 32 14 52 63 74 87 15 17 98 3 58 99 95 12 71 34 35 55 35 21 23 35 73 23 63 1 19 7 51 89 0 18 19 59 44 87 23 28 71 14 1 86 19 11 91 13 79 
68 67 39 96 52 79 80 97 56 66 73 92 44 47 93 67 1 2 85 30 10 75 37 6 61 24 63 58 27 77 99 68 75 30 95 79 87 16 22 43 17 54 57 57 65 36 58 61 50 69 60 48 16 15 26 10 85 30 43 12 72 10 92 31 42 59 2 16 92 9 88 6 75 52 86 64 56 66 71 44 4 72 87 9 47 85 21 69 40 16 94 63 39 86 1 34 3 22 33 10 
53 4 37 94 94 60 89 32 9 83 44 46 1 23 24 61 68 89 92 54 12 88 93 65 53 5 43 79 29 53 40 54 80 97 100 16 17 36 50 8 12 98 33 67 52 29 60 26 74 95 79 28 95 57 52 18 32 46 8 45 82 23 50 49 19 45 98 68 43 65 89 37 73 23 41 63 61 61 20 23 26 43 85 76 93 79 50 45 36 29 62 66 62 19 34 1 11 81 28 96 
83 98 43 45 44 31 61 5 65 43 95 7 36 15 2 22 23 59 52 69 23 88 16 46 12 21 9 61 82 9 35 81 92 10 25 95 78 77 92 80 88 71 10 61 51 42 73 36 85 83 43 56 72 45 1 56 16 38 86 57 60 97 90 43 38 65 55 16 24 65 61 82 83 56 60 57 57 49 14 97 37 76 100 22 2 27 31 80 56 25 9 36 34 11 3 11 1 37 70 40 
30 10 97 11 14 11 87 39 14 46 14 88 58 67 81 68 70 12 81 96 14 8 12 33 57 19 31 67 21 36 50 9 55 96 62 28 77 77 55 45 70 76 63 91 35 60 75 39 85 49 46 30 79 30 0 56 86 79 41 23 40 37 15 13 58 30 61 56 20 97 8 40 37 65 46 81 75 40 52 91 2 10 11 50 78 27 80 38 32 9 66 83 99 91 22 81 37 1 80 81 
43 64 66 61 82 65 1 75 91 78 32 75 10 18 10 94 76 2 51 94 67 58 57 86 6 42 19 78 65 16 43 38 54 10 73 35 5 12 92 78 37 74 62 36 78 75 49 37 90 7 81 49 18 92 25 58 28 26 90 10 84 46 53 32 88 24 84 77 4 93 19 50 73 20 81 15 5 84 6 79 28 90 77 76 32 72 41 49 72 63 24 49 6 13 33 28 70 80 1 79 
45 64 85 17 52 51 15 52 71 82 16 89 67 65 54 66 55 90 78 37 96 49 55 30 96 86 9 80 1 7 5 58 82 10 14 42 10 39 55 18 5 88 91 98 19 29 67 82 9 4 53 13 44 79 45 45 50 70 12 9 76 67 1 46 93 41 37 74 92 58 39 22 51 73 48 2 56 10 52 56 30 53 14 12 39 4 63 80 47 79 85 41 47 79 10 96 40 81 79 1 
