1 55 64 78 7 97 38 1 87 4 48 18 15 7 32 52 16 24 42 47 31 40 82 8 90 40 70 12 14 84 48 61 98 24 73 37 36 12 35 21 
55 1 29 41 88 38 83 59 17 86 81 8 62 62 43 53 26 98 46 22 12 74 93 26 57 34 68 38 86 26 27 95 26 38 80 87 65 95 92 72 
64 29 1 84 0 89 89 24 99 39 87 73 16 92 9 21 77 33 63 8 11 49 41 82 92 20 84 17 79 47 45 46 80 99 6 19 40 49 78 79 
78 41 84 1 23 28 3 56 58 36 83 77 85 53 23 44 23 69 74 80 31 31 37 99 35 40 67 95 31 45 41 88 78 30 7 2 53 89 45 12 
7 88 0 23 1 50 6 99 27 7 49 42 42 91 44 7 43 35 49 51 86 79 49 7 83 36 53 58 49 49 95 85 99 74 87 29 16 18 78 27 
97 38 89 28 50 1 71 26 1 22 71 70 28 69 33 53 34 15 76 41 52 71 32 99 40 31 9 99 63 73 29 72 40 19 21 97 31 82 78 55 
38 83 89 3 6 71 1 82 14 8 3 19 48 1 31 57 77 71 24 66 30 73 46 64 41 86 12 5 98 90 11 79 72 61 16 42 14 43 61 80 
1 59 24 56 99 26 82 1 18 47 93 27 50 69 56 9 53 85 33 39 21 18 78 94 41 57 49 54 21 73 50 98 22 91 68 61 66 86 33 97 
87 17 99 58 27 1 14 18 1 70 49 29 43 96 50 8 14 5 3 57 49 59 4 50 63 79 24 92 86 62 65 11 98 99 61 91 66 8 98 33 
4 86 39 36 7 22 8 47 70 1 19 59 97 48 50 75 13 33 100 63 83 15 51 76 3 6 61 15 84 68 96 57 61 25 3 64 13 22 28 29 
48 81 87 83 49 71 3 93 49 19 1 16 24 71 83 65 98 19 82 97 23 87 67 37 4 55 10 19 94 46 86 43 59 40 2 26 72 60 50 64 
18 8 73 77 42 70 19 27 29 59 16 1 28 88 14 52 47 60 61 4 11 69 10 82 73 89 2 78 90 22 80 51 64 23 63 69 28 13 75 36 
15 62 16 85 42 28 48 50 43 97 24 28 1 41 69 56 59 66 27 16 51 36 48 94 99 72 26 99 9 49 59 60 87 35 77 71 77 54 66 17 
7 62 92 53 91 69 1 69 96 48 71 88 41 1 57 1 95 13 80 27 78 40 33 100 87 71 68 52 16 66 6 91 70 43 28 39 9 31 85 72 
32 43 9 23 44 33 31 56 50 50 83 14 69 57 1 91 67 18 96 15 60 61 38 17 79 73 79 60 83 76 26 27 1 47 26 15 62 87 16 39 
52 53 21 44 7 53 57 9 8 75 65 52 56 1 91 1 45 58 49 20 63 33 19 94 25 26 3 79 66 33 96 89 39 47 100 62 9 42 16 28 
16 26 77 23 43 34 77 53 14 13 98 47 59 95 67 45 1 5 29 58 33 100 86 79 38 37 69 6 55 59 34 43 69 10 29 23 51 67 45 13 
24 98 33 69 35 15 71 85 5 33 19 60 66 13 18 58 5 1 10 11 58 33 30 88 44 8 6 12 11 66 95 84 48 97 44 14 99 91 20 11 
42 46 63 74 49 76 24 33 3 100 82 61 27 80 96 49 29 10 1 76 9 24 82 31 35 50 19 74 33 72 33 100 1 93 2 54 59 23 30 46 
47 22 8 80 51 41 66 39 57 63 97 4 16 27 15 20 58 11 76 1 16 56 36 63 31 36 88 54 93 7 8 36 10 39 47 0 17 33 54 57 
31 12 11 31 86 52 30 21 49 83 23 11 51 78 60 63 33 58 9 16 1 13 96 99 2 88 15 4 72 69 78 74 32 30 83 90 19 84 17 77 
40 74 49 31 79 71 73 18 59 15 87 69 36 40 61 33 100 33 24 56 13 1 61 18 40 90 65 8 12 95 51 48 22 98 68 27 62 29 67 21 
82 93 41 37 49 32 46 78 4 51 67 10 48 33 38 19 86 30 82 36 96 61 1 18 43 28 20 96 3 31 4 76 8 11 93 56 57 65 70 97 
8 26 82 99 7 99 64 94 50 76 37 82 94 100 17 94 79 88 31 63 99 18 18 1 52 86 16 88 62 84 63 65 15 2 57 48 32 77 91 4 
90 57 92 35 83 40 41 41 63 3 4 73 99 87 79 25 38 44 35 31 2 40 43 52 1 31 26 59 44 76 78 98 90 73 61 13 38 41 90 3 
40 34 20 40 36 31 86 57 79 6 55 89 72 71 73 26 37 8 50 36 88 90 28 86 31 1 60 57 75 37 20 13 19 96 69 50 45 19 35 46 
70 68 84 67 53 9 12 49 24 61 10 2 26 68 79 3 69 6 19 88 15 65 20 16 26 60 1 61 58 89 62 71 25 9 78 37 65 61 55 50 
12 38 17 95 58 99 5 54 92 15 19 78 99 52 60 79 6 12 74 54 4 8 96 88 59 57 61 1 87 100 74 48 51 42 75 58 47 24 33 46 
14 86 79 31 49 63 98 21 86 84 94 90 9 16 83 66 55 11 33 93 72 12 3 62 44 75 58 87 1 66 35 53 2 94 70 75 60 97 1 54 
84 26 47 45 49 73 90 73 62 68 46 22 49 66 76 33 59 66 72 7 69 95 31 84 76 37 89 100 66 1 93 47 42 78 81 59 47 14 97 81 
48 27 45 41 95 29 11 50 65 96 86 80 59 6 26 96 34 95 33 8 78 51 4 63 78 20 62 74 35 93 1 54 7 54 39 14 10 20 23 60 
61 95 46 88 85 72 79 98 11 57 43 51 60 91 27 89 43 84 100 36 74 48 76 65 98 13 71 48 53 47 54 1 50 60 31 26 96 22 64 15 
98 26 80 78 99 40 72 22 98 61 59 64 87 70 1 39 69 48 1 10 32 22 8 15 90 19 25 51 2 42 7 50 1 39 86 39 32 31 78 76 
24 38 99 30 74 19 61 91 99 25 40 23 35 43 47 47 10 97 93 39 30 98 11 2 73 96 9 42 94 78 54 60 39 1 71 50 84 1 41 69 
73 80 6 7 87 21 16 68 61 3 2 63 77 28 26 100 29 44 2 47 83 68 93 57 61 69 78 75 70 81 39 31 86 71 1 91 72 27 74 65 
37 87 19 2 29 97 42 61 91 64 26 69 71 39 15 62 23 14 54 0 90 27 56 48 13 50 37 58 75 59 14 26 39 50 91 1 1 99 73 2 
36 65 40 53 16 31 14 66 66 13 72 28 77 9 62 9 51 99 59 17 19 62 57 32 38 45 65 47 60 47 10 96 32 84 72 1 1 48 81 33 
12 95 49 89 18 82 43 86 8 22 60 13 54 31 87 42 67 91 23 33 84 29 65 77 41 19 61 24 97 14 20 22 31 1 27 99 48 1 88 53 
35 92 78 45 78 78 61 33 98 28 50 75 66 85 16 16 45 20 30 54 17 67 70 91 90 35 55 33 1 97 23 64 78 41 74 73 81 88 1 75 
21 72 79 12 27 55 80 97 33 29 64 36 17 72 39 28 13 11 46 57 77 21 97 4 3 46 50 46 54 81 60 15 76 69 65 2 33 53 75 1 